1 0.000539646 0.000128694 0.000176102
2 0.0187539 0.00632812 0.00646133
3 0.0908471 0.0304082 0.0271973
4 0.137811 0.0630821 0.0378033
5 0.161335 0.108542 0.031665
6 0.161335 0.119745 0.0252242
7 0.228027 0.151628 0.0312254
8 0.228027 0.171677 0.0262107
9 0.323387 0.209023 0.0541597
10 0.361913 0.268617 0.0684503
11 0.454975 0.331189 0.0550973
12 0.454975 0.362793 0.0466132
13 0.454975 0.368614 0.0414747
14 0.454975 0.368614 0.0414747
15 0.454975 0.377726 0.0411374
16 0.454975 0.378877 0.0402405
17 0.454975 0.378877 0.0402405
18 0.454975 0.379795 0.0394689
19 0.494706 0.394812 0.0502839
20 0.494706 0.403633 0.0464858
21 0.494706 0.421924 0.0431208
22 0.494706 0.421924 0.0431208
23 0.494706 0.42357 0.0410939
24 0.494706 0.42357 0.0410939
25 0.494706 0.436091 0.028855
26 0.628151 0.46042 0.0605557
27 0.628151 0.46042 0.0605557
28 0.628151 0.474975 0.0655716
29 0.628151 0.48057 0.062794
30 0.628151 0.48057 0.062794
