1 0.56567 0.163815 0.150248
2 0.56567 0.239431 0.121928
3 0.56567 0.270009 0.116672
4 0.56567 0.310107 0.117709
5 0.56567 0.316941 0.112168
6 0.56567 0.317336 0.111727
7 0.56567 0.33847 0.105025
8 0.56567 0.361228 0.0873043
9 0.56567 0.361228 0.0873043
10 0.56567 0.362344 0.0859943
11 0.56567 0.38699 0.0824423
12 0.56567 0.38699 0.0824423
13 0.56567 0.3905 0.0791781
14 0.56567 0.410574 0.0819076
15 0.56567 0.420054 0.0768021
16 0.56567 0.420054 0.0768021
17 0.56567 0.420054 0.0768021
18 0.56567 0.420054 0.0768021
19 0.56567 0.422227 0.0744828
20 0.56567 0.422227 0.0744828
21 0.56567 0.422227 0.0744828
22 0.56567 0.423255 0.0732899
23 0.56567 0.423255 0.0732899
24 0.56567 0.438014 0.0702177
25 0.56567 0.438014 0.0702177
26 0.56567 0.438526 0.0696005
27 0.56567 0.438526 0.0696005
28 0.56567 0.438526 0.0696005
29 0.56567 0.438526 0.0696005
30 0.56567 0.442543 0.0655843
31 0.56567 0.442543 0.0655843
32 0.56567 0.442543 0.0655843
33 0.56567 0.443746 0.0640916
34 0.56567 0.443746 0.0640916
35 0.56567 0.443746 0.0640916
36 0.56567 0.443746 0.0640916
37 0.56567 0.451927 0.0574148
38 0.56567 0.451927 0.0574148
39 0.56567 0.451927 0.0574148
40 0.56567 0.451927 0.0574148
41 0.56567 0.451927 0.0574148
42 0.56567 0.45678 0.0519623
43 0.56567 0.457399 0.0512313
44 0.56567 0.464528 0.047385
45 0.56567 0.464528 0.047385
46 0.56567 0.464528 0.047385
47 0.56567 0.464528 0.047385
48 0.56567 0.464528 0.047385
49 0.56567 0.464528 0.047385
50 0.56567 0.47516 0.0432917
51 0.56567 0.47516 0.0432917
52 0.56567 0.47516 0.0432917
53 0.56567 0.47516 0.0432917
54 0.56567 0.484049 0.0394256
55 0.56567 0.484049 0.0394256
56 0.56567 0.484049 0.0394256
57 0.56567 0.484049 0.0394256
58 0.56567 0.484049 0.0394256
59 0.56567 0.494019 0.0342249
60 0.56567 0.494019 0.0342249
61 0.56567 0.494019 0.0342249
62 0.56567 0.494019 0.0342249
63 0.757905 0.525893 0.082572
64 0.757905 0.54067 0.0820764
65 0.757905 0.54067 0.0820764
66 0.757905 0.54067 0.0820764
67 0.757905 0.54067 0.0820764
68 0.757905 0.54067 0.0820764
69 0.757905 0.544127 0.0797216
70 0.757905 0.544127 0.0797216
71 0.757905 0.544127 0.0797216
72 0.757905 0.544127 0.0797216
73 0.757905 0.544127 0.0797216
74 0.757905 0.544127 0.0797216
75 0.757905 0.544127 0.0797216
76 0.757905 0.546233 0.0781587
77 0.757905 0.546233 0.0781587
78 0.757905 0.546233 0.0781587
79 0.757905 0.563936 0.0831859
80 0.757905 0.563936 0.0831859
81 0.757905 0.563936 0.0831859
82 0.757905 0.563936 0.0831859
83 0.757905 0.563936 0.0831859
84 0.757905 0.563936 0.0831859
85 0.757905 0.563936 0.0831859
86 0.757905 0.566992 0.0812142
87 0.757905 0.566992 0.0812142
88 0.757905 0.566992 0.0812142
89 0.757905 0.566992 0.0812142
90 0.757905 0.566992 0.0812142
91 0.757905 0.566992 0.0812142
92 0.757905 0.566992 0.0812142
93 0.757905 0.566992 0.0812142
94 0.757905 0.566992 0.0812142
95 0.757905 0.566992 0.0812142
96 0.757905 0.566992 0.0812142
97 0.757905 0.566992 0.0812142
98 0.757905 0.566992 0.0812142
99 0.757905 0.566992 0.0812142
100 0.757905 0.566992 0.0812142
101 0.757905 0.566992 0.0812142
102 0.757905 0.56712 0.0811166
103 0.757905 0.56712 0.0811166
104 0.757905 0.56712 0.0811166
105 0.757905 0.56712 0.0811166
106 0.757905 0.56712 0.0811166
107 0.757905 0.56712 0.0811166
108 0.757905 0.56712 0.0811166
109 0.757905 0.56712 0.0811166
110 0.757905 0.57557 0.0786255
111 0.757905 0.57557 0.0786255
112 0.757905 0.57557 0.0786255
113 0.757905 0.57557 0.0786255
114 0.757905 0.584736 0.0752333
115 0.757905 0.584736 0.0752333
116 0.757905 0.584736 0.0752333
117 0.757905 0.584736 0.0752333
118 0.757905 0.584736 0.0752333
119 0.757905 0.584736 0.0752333
120 0.757905 0.584736 0.0752333
121 0.757905 0.584736 0.0752333
122 0.757905 0.584736 0.0752333
123 0.757905 0.584736 0.0752333
124 0.757905 0.584736 0.0752333
125 0.757905 0.584736 0.0752333
126 0.757905 0.584736 0.0752333
127 0.757905 0.592951 0.0705328
128 0.757905 0.592951 0.0705328
129 0.757905 0.594587 0.0688008
130 0.757905 0.594587 0.0688008
131 0.757905 0.607201 0.0653873
132 0.757905 0.607201 0.0653873
133 0.757905 0.607201 0.0653873
134 0.757905 0.610305 0.0621993
135 0.757905 0.610305 0.0621993
136 0.757905 0.610305 0.0621993
137 0.757905 0.610305 0.0621993
138 0.757905 0.610305 0.0621993
139 0.757905 0.610305 0.0621993
140 0.757905 0.610305 0.0621993
141 0.757905 0.610305 0.0621993
142 0.757905 0.610305 0.0621993
143 0.757905 0.610305 0.0621993
144 0.757905 0.615664 0.0569866
145 0.757905 0.615664 0.0569866
146 0.757905 0.615664 0.0569866
147 0.757905 0.615664 0.0569866
148 0.757905 0.615664 0.0569866
149 0.757905 0.615664 0.0569866
150 0.757905 0.615664 0.0569866
151 0.757905 0.615664 0.0569866
152 0.757905 0.615664 0.0569866
153 0.757905 0.615664 0.0569866
154 0.757905 0.615664 0.0569866
155 0.757905 0.615664 0.0569866
156 0.757905 0.615664 0.0569866
157 0.757905 0.615664 0.0569866
158 0.757905 0.615664 0.0569866
159 0.757905 0.615664 0.0569866
160 0.757905 0.615664 0.0569866
161 0.757905 0.615664 0.0569866
162 0.757905 0.615664 0.0569866
163 0.757905 0.615664 0.0569866
164 0.757905 0.615664 0.0569866
165 0.757905 0.615664 0.0569866
166 0.757905 0.615664 0.0569866
167 0.757905 0.615664 0.0569866
168 0.757905 0.615664 0.0569866
169 0.757905 0.615664 0.0569866
170 0.757905 0.615664 0.0569866
171 0.757905 0.615664 0.0569866
172 0.757905 0.615664 0.0569866
173 0.757905 0.615664 0.0569866
174 0.757905 0.615664 0.0569866
175 0.757905 0.615664 0.0569866
176 0.757905 0.615664 0.0569866
177 0.757905 0.615664 0.0569866
178 0.833566 0.643144 0.0831665
179 0.833566 0.643144 0.0831665
180 0.833566 0.643144 0.0831665
181 0.833566 0.643144 0.0831665
182 0.833566 0.643144 0.0831665
183 0.833566 0.643144 0.0831665
184 0.833566 0.649212 0.0794221
185 0.833566 0.649212 0.0794221
186 0.833566 0.65087 0.0781604
187 0.833566 0.65087 0.0781604
188 0.833566 0.65087 0.0781604
189 0.833566 0.65087 0.0781604
190 0.833566 0.65087 0.0781604
191 0.833566 0.65087 0.0781604
192 0.833566 0.65087 0.0781604
193 0.833566 0.65087 0.0781604
194 0.833566 0.65087 0.0781604
195 0.833566 0.65087 0.0781604
196 0.833566 0.65087 0.0781604
197 0.833566 0.65087 0.0781604
198 0.833566 0.65087 0.0781604
199 0.833566 0.65087 0.0781604
200 0.833566 0.65087 0.0781604
201 0.833566 0.65087 0.0781604
202 0.833566 0.65087 0.0781604
203 0.833566 0.65087 0.0781604
204 0.833566 0.65087 0.0781604
205 0.833566 0.65087 0.0781604
206 0.833566 0.65087 0.0781604
207 0.833566 0.65087 0.0781604
208 0.833566 0.65087 0.0781604
209 0.833566 0.65087 0.0781604
210 0.833566 0.65087 0.0781604
211 0.833566 0.65087 0.0781604
212 0.833566 0.65087 0.0781604
213 0.833566 0.65087 0.0781604
214 0.833566 0.65087 0.0781604
215 0.833566 0.65087 0.0781604
216 0.833566 0.65087 0.0781604
217 0.833566 0.65087 0.0781604
218 0.833566 0.65087 0.0781604
219 0.833566 0.65087 0.0781604
220 0.833566 0.65087 0.0781604
221 0.833566 0.65087 0.0781604
222 0.833566 0.65087 0.0781604
223 0.833566 0.65087 0.0781604
224 0.833566 0.65087 0.0781604
225 0.833566 0.65087 0.0781604
226 0.833566 0.65087 0.0781604
227 0.833566 0.65087 0.0781604
228 0.833566 0.65087 0.0781604
229 0.833566 0.65087 0.0781604
230 0.833566 0.65087 0.0781604
231 0.833566 0.65087 0.0781604
232 0.833566 0.65087 0.0781604
233 0.833566 0.65087 0.0781604
234 0.833566 0.65087 0.0781604
235 0.833566 0.65087 0.0781604
236 0.833566 0.65087 0.0781604
237 0.833566 0.65087 0.0781604
238 0.833566 0.65087 0.0781604
239 0.833566 0.65087 0.0781604
240 0.833566 0.65087 0.0781604
241 0.833566 0.65087 0.0781604
242 0.833566 0.65087 0.0781604
243 0.833566 0.65087 0.0781604
244 0.833566 0.65087 0.0781604
245 0.833566 0.65087 0.0781604
246 0.833566 0.65087 0.0781604
247 0.833566 0.65087 0.0781604
248 0.833566 0.65087 0.0781604
249 0.833566 0.65087 0.0781604
250 0.833566 0.65087 0.0781604
251 0.833566 0.65087 0.0781604
252 0.833566 0.65087 0.0781604
253 0.833566 0.65087 0.0781604
254 0.833566 0.65087 0.0781604
255 0.833566 0.65087 0.0781604
256 0.833566 0.65087 0.0781604
257 0.833566 0.65087 0.0781604
258 0.833566 0.660032 0.0756066
259 0.833566 0.660032 0.0756066
260 0.833566 0.660032 0.0756066
261 0.833566 0.660032 0.0756066
262 0.833566 0.660032 0.0756066
263 0.833566 0.660032 0.0756066
264 0.833566 0.660032 0.0756066
265 0.833566 0.660032 0.0756066
266 0.833566 0.660032 0.0756066
267 0.833566 0.660032 0.0756066
268 0.833566 0.660032 0.0756066
269 0.833566 0.660032 0.0756066
270 0.833566 0.663303 0.0731766
271 0.833566 0.663303 0.0731766
272 0.833566 0.663303 0.0731766
273 0.833566 0.663303 0.0731766
274 0.833566 0.663303 0.0731766
275 0.833566 0.663303 0.0731766
276 0.833566 0.663303 0.0731766
277 0.833566 0.663303 0.0731766
278 0.833566 0.663303 0.0731766
279 0.833566 0.663303 0.0731766
280 0.833566 0.663303 0.0731766
281 0.833566 0.663303 0.0731766
282 0.833566 0.663303 0.0731766
283 0.833566 0.663303 0.0731766
284 0.833566 0.663303 0.0731766
285 0.833566 0.663303 0.0731766
286 0.833566 0.663303 0.0731766
287 0.833566 0.663303 0.0731766
288 0.833566 0.663303 0.0731766
289 0.833566 0.663303 0.0731766
290 0.833566 0.666941 0.0706768
291 0.833566 0.666941 0.0706768
292 0.833566 0.666941 0.0706768
293 0.833566 0.666941 0.0706768
294 0.833566 0.666941 0.0706768
295 0.833566 0.666941 0.0706768
296 0.833566 0.666941 0.0706768
297 0.833566 0.670245 0.0681214
298 0.833566 0.670245 0.0681214
299 0.833566 0.670245 0.0681214
300 0.833566 0.670245 0.0681214
