1 0.000704348 0.000115413 0.000165448
2 0.342655 0.0196559 0.0614714
3 0.342655 0.0420939 0.0684847
4 0.342655 0.0980617 0.0812334
5 0.342655 0.138843 0.0753918
6 0.342655 0.191046 0.0655578
7 0.342655 0.229986 0.0533145
8 0.400312 0.255287 0.0500449
9 0.400312 0.281101 0.0509321
10 0.400312 0.302663 0.0406878
11 0.462138 0.325439 0.0432356
12 0.462138 0.337257 0.037789
13 0.462138 0.339965 0.0357838
14 0.472893 0.357891 0.0474253
15 0.514498 0.366502 0.0514151
16 0.514498 0.369444 0.0512531
17 0.565479 0.379756 0.0584074
18 0.565479 0.386055 0.0565426
19 0.565479 0.397622 0.0531423
20 0.565479 0.413698 0.0551009
