1 0.56567 0.199804 0.19675
2 0.56567 0.241917 0.165449
3 0.56567 0.32174 0.149225
4 0.56567 0.392789 0.124997
5 0.56567 0.392789 0.124997
6 0.56567 0.392789 0.124997
7 0.56567 0.409877 0.104727
8 0.56567 0.409877 0.104727
9 0.56567 0.409877 0.104727
10 0.56567 0.409877 0.104727
11 0.56567 0.409877 0.104727
12 0.56567 0.459037 0.0895819
13 0.56567 0.459037 0.0895819
14 0.56567 0.459037 0.0895819
15 0.56567 0.459037 0.0895819
16 0.56567 0.459037 0.0895819
17 0.56567 0.510386 0.0551454
18 0.56567 0.510386 0.0551454
19 0.56567 0.510386 0.0551454
20 0.56567 0.510386 0.0551454
21 0.56567 0.510386 0.0551454
22 0.56567 0.510386 0.0551454
23 0.56567 0.510386 0.0551454
24 0.56567 0.510386 0.0551454
25 0.56567 0.510386 0.0551454
26 0.56567 0.510386 0.0551454
27 0.56567 0.510386 0.0551454
28 0.56567 0.510386 0.0551454
29 0.56567 0.510386 0.0551454
30 0.56567 0.510386 0.0551454
31 0.56567 0.523008 0.0392303
32 0.56567 0.523008 0.0392303
33 0.56567 0.523008 0.0392303
34 0.56567 0.534546 0.0285794
35 0.56567 0.534546 0.0285794
36 0.56567 0.534546 0.0285794
37 0.56567 0.534546 0.0285794
38 0.56567 0.534546 0.0285794
39 0.56567 0.534546 0.0285794
40 0.56567 0.534546 0.0285794
41 0.56567 0.541933 0.0189368
42 0.56567 0.541933 0.0189368
43 0.56567 0.541933 0.0189368
44 0.56567 0.541933 0.0189368
45 0.56567 0.541933 0.0189368
46 0.56567 0.541933 0.0189368
47 0.56567 0.541933 0.0189368
48 0.56567 0.541933 0.0189368
49 0.56567 0.541933 0.0189368
50 0.56567 0.541933 0.0189368
