1 0.000539646 0.000106292 0.000146535
2 0.056252 0.0101233 0.0186183
3 0.0725355 0.0319588 0.0202682
4 0.121865 0.0633442 0.0229733
5 0.217073 0.0876754 0.0422861
6 0.26221 0.111929 0.051595
7 0.26221 0.140506 0.0486525
8 0.26221 0.188489 0.0393105
9 0.26221 0.204309 0.03311
10 0.26221 0.214817 0.0283665
11 0.350837 0.231876 0.0334263
12 0.350837 0.236993 0.0306221
13 0.350837 0.24587 0.0340081
14 0.350837 0.24812 0.0333583
15 0.350837 0.25416 0.0309621
16 0.350837 0.257998 0.0314598
17 0.454698 0.27512 0.0498407
18 0.454698 0.276031 0.0493481
19 0.454698 0.279325 0.0490887
20 0.454698 0.280376 0.0484935
21 0.454698 0.281617 0.04762
22 0.454698 0.294985 0.04945
23 0.454698 0.312565 0.0499777
24 0.454698 0.322446 0.0483975
25 0.454698 0.335601 0.0398922
26 0.454698 0.336116 0.0392849
27 0.454698 0.343458 0.0427816
28 0.454698 0.347476 0.039839
29 0.454698 0.360531 0.0396665
30 0.454698 0.361415 0.0388976
31 0.454698 0.366353 0.0389643
32 0.454698 0.367681 0.0380244
33 0.454698 0.367681 0.0380244
34 0.454698 0.367681 0.0380244
35 0.454698 0.368745 0.0372935
36 0.454698 0.371462 0.0356145
37 0.454698 0.373473 0.0340085
38 0.489525 0.38763 0.0391628
39 0.489525 0.390328 0.0382263
40 0.489525 0.393531 0.0373767
