    0.540258          0.5     0.994283     0.169435          0.5     0.834529          0.5          0.5 
    0.507214     0.801299     0.993034     0.105917          0.5     0.760465          0.5          0.5 
    0.472067       0.9809     0.975799     0.055921          0.5     0.677511          0.5          0.5 
    0.445061     0.966261     0.943137    0.0211617          0.5     0.588499          0.5          0.5 
    0.434064     0.763295     0.896107   0.00283176          0.5     0.496467          0.5          0.5 
    0.442281     0.453982     0.836233    0.0015602          0.5     0.404555          0.5          0.5 
    0.467318     0.163256     0.765458    0.0173906          0.5     0.315901          0.5          0.5 
    0.501878   0.00854346     0.686075    0.0497799          0.5      0.23353          0.5          0.5 
    0.535892    0.0523353     0.600659    0.0976167          0.5     0.160252          0.5          0.5 
    0.559446     0.276943     0.511979      0.15926          0.5    0.0985703          0.5          0.5 
    0.565677     0.591646     0.422911     0.232594          0.5    0.0505882          0.5          0.5 
     0.55277     0.869332     0.336342     0.315103          0.5    0.0179438          0.5          0.5 
    0.524486     0.997841      0.25508     0.403956          0.5     0.001751          0.5          0.5 
    0.489066     0.925268     0.181759     0.496104          0.5    0.0025626          0.5          0.5 
    0.456832     0.680925     0.118757     0.588387          0.5    0.0203508          0.5          0.5 
    0.437178     0.363505    0.0681156     0.677636          0.5    0.0545087          0.5          0.5 
     0.43583     0.101216    0.0314779     0.760791          0.5      0.10387          0.5          0.5 
    0.453182  1.56987e-07    0.0100315     0.834997          0.5     0.166751          0.5          0.5 
    0.484177     0.100739   0.00447171      0.89771          0.5     0.241005          0.5          0.5 
    0.519782     0.362743    0.0149789     0.946777          0.5     0.324098          0.5          0.5 
    0.549623     0.680186    0.0412122     0.980514          0.5     0.413194          0.5          0.5 
    0.565004     0.924851    0.0823213     0.997764          0.5     0.505253          0.5          0.5 
    0.561442     0.997914     0.136973     0.997936          0.5     0.597133          0.5          0.5 
    0.539976     0.869865     0.203396     0.981023          0.5     0.685697          0.5          0.5 
     0.50686     0.592425     0.279435     0.947605          0.5     0.767924          0.5          0.5 
    0.471746     0.277653     0.362626      0.89883          0.5     0.841008          0.5          0.5 
    0.444865    0.0526888     0.450272      0.83637          0.5     0.902453          0.5          0.5 
     0.43405   0.00839821     0.539529      0.76237          0.5     0.950163          0.5          0.5 
    0.442454      0.16267     0.627505     0.679367          0.5      0.98251          0.5          0.5 
    0.467627     0.453193     0.711347     0.590209          0.5      0.99839          0.5          0.5 
    0.502233     0.762621     0.788336     0.497957          0.5     0.997261          0.5          0.5 
    0.536189     0.965975     0.855976     0.405775          0.5     0.979161          0.5          0.5 
    0.559599     0.981116     0.912074     0.316825          0.5     0.944708          0.5          0.5 
    0.565642     0.801931     0.954811     0.234161          0.5     0.895078          0.5          0.5 
    0.552556     0.500792     0.982802     0.160618          0.5     0.831964          0.5          0.5 
    0.524155     0.199334     0.995138    0.0987191          0.5     0.757522          0.5          0.5 
    0.488716    0.0193175     0.991419    0.0505888          0.5     0.674291          0.5          0.5 
    0.456564    0.0334531     0.971767    0.0178783          0.5     0.585111          0.5          0.5 
     0.43707     0.236031     0.936819   0.00170986          0.5     0.493027          0.5          0.5 
    0.435914     0.545229     0.887707   0.00263828          0.5      0.40118          0.5          0.5 
    0.453433     0.836158     0.826025    0.0206317          0.5     0.312707          0.5          0.5 
    0.484522      0.99131     0.753771    0.0550727          0.5     0.230625          0.5          0.5 
    0.520121     0.948017     0.673289      0.10478          0.5     0.157736          0.5          0.5 
    0.549857     0.723766     0.587188     0.168047          0.5    0.0965288          0.5          0.5 
    0.565064     0.409133     0.498261     0.242704          0.5    0.0490909          0.5          0.5 
    0.561312     0.131203      0.40939     0.326189          0.5    0.0170418          0.5          0.5 
    0.539692   0.00223298     0.323456     0.415638          0.5   0.00147513          0.5          0.5 
    0.506507    0.0743158     0.243247     0.507981          0.5   0.00292224          0.5          0.5 
    0.471425     0.318336     0.171363     0.600051          0.5    0.0213337          0.5          0.5 
     0.44467     0.635733     0.110135     0.688687          0.5    0.0560812          0.5          0.5 
    0.434039     0.898305    0.0615472      0.77085          0.5     0.105979          0.5          0.5 
    0.442629     0.999999     0.027176     0.843719          0.5     0.169324          0.5          0.5 
    0.467937     0.899738   0.00813551     0.904795          0.5     0.243954          0.5          0.5 
    0.502588     0.638019   0.00504318     0.951982          0.5     0.327323          0.5          0.5 
    0.536486     0.320553    0.0179992     0.983661          0.5     0.416585          0.5          0.5 
    0.559751    0.0755676    0.0465836     0.998746          0.5     0.508693          0.5          0.5 
    0.565605   0.00201418    0.0898695     0.996717          0.5     0.600505          0.5          0.5 
    0.552341     0.129602     0.146453     0.977646          0.5     0.688887          0.5          0.5 
    0.523824     0.406797     0.214501     0.942187          0.5     0.770823          0.5          0.5 
    0.488366     0.721637     0.291805     0.891555          0.5     0.843516          0.5          0.5 
    0.456297     0.946957     0.375859     0.827489          0.5     0.904485          0.5          0.5 
    0.436964     0.991746     0.463939     0.752186          0.5      0.95165          0.5          0.5 
       0.436     0.837914     0.553188      0.66823          0.5     0.983401          0.5          0.5 
    0.453685     0.547596     0.640713     0.578503          0.5     0.998654          0.5          0.5 
    0.484867     0.238053     0.723675     0.486082          0.5     0.996889          0.5          0.5 
    0.520459    0.0343133     0.799384     0.394138          0.5     0.978166          0.5          0.5 
    0.550089    0.0186685     0.865387     0.305827          0.5     0.943125          0.5          0.5 
    0.565123     0.197438     0.919542     0.224178          0.5      0.89296          0.5          0.5 
    0.561179     0.498415     0.960094     0.151992          0.5     0.829384          0.5          0.5 
    0.539408     0.800032     0.985728    0.0917475          0.5     0.754567          0.5          0.5 
    0.506153     0.980464     0.995613    0.0455102          0.5     0.671062          0.5          0.5 
    0.471105     0.966831     0.989428     0.014867          0.5     0.581719          0.5          0.5 
    0.444477     0.764641     0.967374  0.000869123          0.5     0.489587          0.5          0.5 
    0.434029      0.45556     0.930166   0.00399699          0.5      0.39781          0.5          0.5 
    0.442805     0.164429     0.879011    0.0241432          0.5     0.309521          0.5          0.5 
    0.468248   0.00883765     0.815566    0.0606166          0.5     0.227733          0.5          0.5 
    0.502943    0.0516316      0.74189     0.112166          0.5     0.155237          0.5          0.5 
    0.536781     0.275526      0.66037     0.177022          0.5    0.0945064          0.5          0.5 
    0.559901     0.590087     0.573651      0.25296          0.5     0.047615          0.5          0.5 
    0.565565     0.868262     0.484544     0.337374          0.5    0.0161627          0.5          0.5 
    0.552123     0.997692     0.395938     0.427367          0.5   0.00122286          0.5          0.5 
    0.523493     0.926099     0.310706     0.519853          0.5   0.00330541          0.5          0.5 
    0.488016     0.682402     0.231611     0.611658          0.5    0.0223393          0.5          0.5 
    0.456032      0.36503     0.161219     0.699632          0.5    0.0576748          0.5          0.5 
     0.43686     0.102174     0.101811     0.780756          0.5     0.108106          0.5          0.5 
    0.436087  3.92467e-06    0.0553146     0.852247          0.5     0.171912          0.5          0.5 
    0.453939    0.0997867    0.0232362     0.911652          0.5     0.246915          0.5          0.5 
    0.485213     0.361219   0.00661626     0.956933          0.5     0.330555          0.5          0.5 
    0.520797     0.678707   0.00599374     0.986536          0.5     0.419979          0.5          0.5 
     0.55032     0.924013    0.0213888     0.999446          0.5     0.512133          0.5          0.5 
    0.565179     0.998056    0.0523022     0.995219          0.5     0.603873          0.5          0.5 
    0.561045      0.87093    0.0977318        0.974          0.5     0.692068          0.5          0.5 
    0.539122     0.593982     0.156204     0.936518          0.5     0.773708          0.5          0.5 
    0.505799     0.279073     0.225824     0.884059          0.5     0.846007          0.5          0.5 
    0.470786    0.0533992     0.304334     0.818422          0.5     0.906498          0.5          0.5 
    0.444286   0.00811142     0.389188      0.74186          0.5     0.953115          0.5          0.5 
    0.434021     0.161502     0.477634     0.656999          0.5     0.984268          0.5          0.5 
    0.442983     0.451615     0.566806     0.566752          0.5     0.998894          0.5          0.5 
     0.46856     0.761271     0.653812     0.474214          0.5     0.996494          0.5          0.5 
    0.503298     0.965398     0.735831     0.382561          0.5     0.977149          0.5          0.5 
    0.537076     0.981545     0.810203     0.294938          0.5     0.941521          0.5          0.5 
    0.560049     0.803192     0.874517      0.21435          0.5     0.890823          0.5          0.5 
    0.565524     0.502377     0.926688     0.143563          0.5     0.826788          0.5          0.5 
    0.551905     0.200602     0.965024    0.0850062          0.5       0.7516          0.5          0.5 
     0.52316    0.0197562     0.988282     0.040688          0.5     0.667825          0.5          0.5 
    0.487667    0.0328854     0.995709    0.0121293          0.5     0.578323          0.5          0.5 
    0.455767     0.234687     0.987062  0.000310011          0.5     0.486148          0.5          0.5 
    0.436757      0.54365     0.962623   0.00563556          0.5     0.394445          0.5          0.5 
    0.436177     0.834983     0.923184    0.0279233          0.5     0.306345          0.5          0.5 
    0.454194     0.991013     0.870024    0.0664084          0.5     0.224854          0.5          0.5 
     0.48556     0.948719     0.804866     0.119771          0.5     0.152753          0.5          0.5 
    0.521133     0.725182     0.729823     0.186179          0.5    0.0925032          0.5          0.5 
    0.550549     0.410692     0.647329     0.263354          0.5    0.0461605          0.5          0.5 
    0.565234     0.132275     0.560057      0.34865          0.5    0.0153065          0.5          0.5 
    0.560909   0.00238509     0.470839     0.439138          0.5  0.000994206          0.5          0.5 
    0.538836    0.0734866     0.382565     0.531714          0.5   0.00371209          0.5          0.5 
    0.505445     0.316861       0.2981     0.623203          0.5    0.0233674          0.5          0.5 
    0.470468     0.634207     0.220181     0.710464          0.5    0.0592893          0.5          0.5 
    0.444096     0.897345     0.151334     0.790504          0.5     0.110252          0.5          0.5 
    0.434015     0.999992    0.0937931     0.860576          0.5     0.174516          0.5          0.5 
    0.443163     0.900688    0.0494226     0.918277          0.5     0.249888          0.5          0.5 
    0.468873     0.639542    0.0196615     0.961626          0.5     0.333796          0.5          0.5 
    0.503653     0.322033    0.0054749     0.989136          0.5     0.423376          0.5          0.5 
    0.537369    0.0764076   0.00732266     0.999864          0.5     0.515572          0.5          0.5 
    0.560196   0.00187457    0.0251449     0.993441          0.5     0.607236          0.5          0.5 
    0.565481     0.128539    0.0583638     0.970087          0.5      0.69524          0.5          0.5 
    0.551685      0.40524     0.105902     0.930604          0.5     0.776581          0.5          0.5 
    0.522827     0.720216     0.166219     0.876346          0.5     0.848482          0.5          0.5 
    0.487318     0.946244     0.237358     0.809176          0.5     0.908491          0.5          0.5 
    0.455504      0.99203     0.317013     0.731398          0.5     0.954559          0.5          0.5 
    0.436657     0.839081     0.402601      0.64568          0.5     0.985113          0.5          0.5 
    0.436268     0.549173     0.491347     0.554963          0.5     0.999111          0.5          0.5 
    0.454451     0.239405     0.580373     0.462361          0.5     0.996076          0.5          0.5 
    0.485907    0.0348926     0.666794     0.371051          0.5      0.97611          0.5          0.5 
     0.52147    0.0182419     0.747807     0.284164          0.5     0.939896          0.5          0.5 
    0.550776     0.196178     0.820784     0.204683          0.5     0.888668          0.5          0.5 
    0.565286      0.49683     0.883361     0.135335          0.5     0.824176          0.5          0.5 
    0.560772     0.798763     0.933508     0.078499          0.5     0.748621          0.5          0.5 
    0.538548     0.980023     0.969598     0.036125          0.5     0.664581          0.5          0.5 
    0.505091     0.967397     0.990463     0.009667          0.5     0.574923          0.5          0.5 
    0.470151     0.765985     0.995425  3.28429e-05          0.5     0.482709          0.5          0.5 
    0.443908     0.457139     0.984323   0.00755307          0.5     0.391085          0.5          0.5 
    0.434012     0.165605     0.957517    0.0319697          0.5     0.303178          0.5          0.5 
    0.443344   0.00913678     0.915878    0.0724449          0.5     0.221988          0.5          0.5 
    0.469186    0.0509325     0.860753      0.12759          0.5     0.150286          0.5          0.5 
    0.504008     0.274111     0.793932     0.195513          0.5    0.0905193          0.5          0.5 
    0.537661     0.588528     0.717581     0.273883          0.5    0.0447275          0.5          0.5 
     0.56034     0.867188     0.634174     0.360011          0.5    0.0144732          0.5          0.5 
    0.565436     0.997537     0.546418     0.450943          0.5  0.000789175          0.5          0.5 
    0.551463     0.926926     0.457156     0.543558          0.5   0.00414228          0.5          0.5 
    0.522494     0.683876     0.369283     0.634678          0.5    0.0244181          0.5          0.5 
     0.48697     0.366557     0.285649     0.721177          0.5    0.0609247          0.5          0.5 
    0.455243     0.103136     0.208964     0.800088          0.5     0.112416          0.5          0.5 
    0.436558  1.27159e-05     0.141717     0.868702          0.5     0.177135          0.5          0.5 
    0.436361    0.0988387    0.0860858     0.924666          0.5     0.252873          0.5          0.5 
    0.454708     0.359697    0.0438757     0.966058          0.5     0.337045          0.5          0.5 
    0.486254     0.677226    0.0164548     0.991461          0.5     0.426778          0.5          0.5 
    0.521805     0.923171    0.0047123            1          0.5      0.51901          0.5          0.5 
    0.551003     0.998193   0.00902894     0.991384          0.5     0.610593          0.5          0.5 
    0.565337     0.871991    0.0292647     0.965908          0.5     0.698402          0.5          0.5 
    0.560632     0.595538    0.0647636     0.924446          0.5      0.77944          0.5          0.5 
    0.538259     0.280496     0.114374     0.868421          0.5     0.850941          0.5          0.5 
    0.504737    0.0541141     0.176489     0.799755          0.5     0.910465          0.5          0.5 
    0.469834   0.00782958     0.249093     0.720805          0.5     0.955981          0.5          0.5 
    0.443722     0.160337     0.329832     0.634278          0.5     0.985935          0.5          0.5 
     0.43401     0.450038     0.416088     0.543144          0.5     0.999304          0.5          0.5 
    0.443527     0.759919     0.505066      0.45053          0.5     0.995634          0.5          0.5 
    0.469501     0.964816     0.593879     0.359613          0.5     0.975048          0.5          0.5 
    0.504362      0.98197     0.679648     0.273513          0.5      0.93825          0.5          0.5 
    0.537953     0.804451     0.759593     0.195183          0.5     0.886495          0.5          0.5 
    0.560483     0.503962      0.83112     0.127313          0.5     0.821549          0.5          0.5 
    0.565389     0.201873     0.891911    0.0722297          0.5      0.74563          0.5          0.5 
     0.55124    0.0201997     0.939995    0.0318237          0.5     0.661328          0.5          0.5 
    0.522159    0.0323225     0.973813   0.00748133          0.5      0.57152          0.5          0.5 
    0.486621     0.233345     0.992267  3.77755e-05          0.5     0.479271          0.5          0.5 
    0.454982     0.542071     0.994761   0.00974844          0.5      0.38773          0.5          0.5 
    0.436461     0.833805     0.981213    0.0362801          0.5      0.30002          0.5          0.5 
    0.436456     0.990712     0.952062    0.0787226          0.5     0.219135          0.5          0.5 
    0.454967     0.949415     0.908253     0.135619          0.5     0.147836          0.5          0.5 
    0.486602     0.726596     0.851207     0.205019          0.5    0.0885548          0.5          0.5 
     0.52214     0.412252     0.782774     0.284539          0.5     0.043316          0.5          0.5 
    0.551227     0.133351     0.705172     0.371452          0.5     0.013663          0.5          0.5 
    0.565386   0.00254221     0.620917     0.462775          0.5  0.000607777          0.5          0.5 
    0.560491    0.0726616     0.532742     0.555376          0.5   0.00459593          0.5          0.5 
    0.537969     0.315387     0.443506     0.646077          0.5    0.0254913          0.5          0.5 
    0.504382     0.632679     0.356101     0.731766          0.5    0.0625809          0.5          0.5 
    0.469519     0.896381     0.273362     0.809502          0.5     0.114599          0.5          0.5 
    0.443537     0.999981     0.197971      0.87662          0.5      0.17977          0.5          0.5 
     0.43401     0.901634     0.132373     0.930815          0.5      0.25587          0.5          0.5 
    0.443712     0.641063    0.0786956     0.970228          0.5     0.340301          0.5          0.5 
    0.469816     0.323515    0.0386781     0.993507          0.5     0.430183          0.5          0.5 
    0.504717    0.0772517    0.0136184     0.999854          0.5     0.522447          0.5          0.5 
    0.538243   0.00173996   0.00432905      0.98905          0.5     0.613946          0.5          0.5 
    0.560625      0.12748    0.0111112     0.961466          0.5     0.701555          0.5          0.5 
     0.56534     0.403685    0.0337451     0.918049          0.5     0.782286          0.5          0.5 
    0.551015     0.718792    0.0714967     0.860288          0.5     0.853383          0.5          0.5 
    0.521824     0.945527     0.123142     0.790166          0.5      0.91242          0.5          0.5 
    0.486274      0.99231     0.187007     0.710087          0.5     0.957382          0.5          0.5 
    0.454723     0.840244     0.261019       0.6228          0.5     0.986733          0.5          0.5 
    0.436366      0.55075     0.342781       0.5313          0.5     0.999474          0.5          0.5 
    0.436553     0.240758      0.42964     0.438726          0.5     0.995168          0.5          0.5 
