1 0.407318 0.143498 0.138228
2 0.407318 0.239173 0.0972597
3 0.440228 0.339979 0.0673469
4 0.440228 0.358427 0.0649327
5 0.469861 0.396307 0.0577107
6 0.565635 0.437313 0.0508184
7 0.565635 0.449336 0.0485872
8 0.565635 0.462583 0.0429271
9 0.565635 0.462583 0.0429271
10 0.603828 0.482037 0.0563488
11 0.603828 0.482037 0.0563488
12 0.603828 0.482037 0.0563488
13 0.640738 0.502832 0.0708433
14 0.640738 0.509194 0.0670661
15 0.640738 0.529636 0.0708885
16 0.640738 0.529865 0.0706265
17 0.640738 0.535671 0.0660479
18 0.640738 0.535671 0.0660479
19 0.640738 0.535671 0.0660479
20 0.640738 0.535671 0.0660479
21 0.640738 0.535671 0.0660479
22 0.640738 0.560086 0.060465
23 0.640738 0.560086 0.060465
24 0.640738 0.560086 0.060465
25 0.640738 0.566701 0.0561597
26 0.640738 0.579446 0.0462182
27 0.640738 0.587869 0.0396151
28 0.640738 0.587869 0.0396151
29 0.704647 0.605534 0.0475662
30 0.704647 0.605534 0.0475662
