1 0.407318 0.143498 0.138228
2 0.407318 0.21804 0.0986001
3 0.407318 0.259101 0.075112
4 0.551035 0.338404 0.0917027
5 0.585914 0.381552 0.103431
6 0.585914 0.402723 0.0902834
7 0.585914 0.428509 0.0880593
8 0.585914 0.443511 0.0831523
9 0.585914 0.45695 0.0750471
10 0.718413 0.525378 0.0972735
11 0.718413 0.55802 0.0810077
12 0.718413 0.564495 0.0752587
13 0.718413 0.588558 0.0639152
14 0.718413 0.612481 0.0572057
15 0.718413 0.613829 0.0554885
16 0.718413 0.613829 0.0554885
17 0.718413 0.624134 0.051764
18 0.718413 0.624134 0.051764
19 0.718413 0.624134 0.051764
20 0.718413 0.627759 0.0476219
21 0.718413 0.627759 0.0476219
22 0.718413 0.627759 0.0476219
23 0.718413 0.629496 0.0457592
24 0.718413 0.629496 0.0457592
25 0.718413 0.629496 0.0457592
26 0.718413 0.629496 0.0457592
27 0.718413 0.629496 0.0457592
28 0.718413 0.629496 0.0457592
29 0.718413 0.629496 0.0457592
30 0.718413 0.629496 0.0457592
