1 0.000704348 0.000115413 0.000165448
2 0.342655 0.0196559 0.0614714
3 0.342655 0.0420939 0.0684847
4 0.342655 0.0980617 0.0812334
5 0.342655 0.138843 0.0753918
6 0.342655 0.191046 0.0655578
7 0.342655 0.229986 0.0533145
8 0.400312 0.255287 0.0500449
9 0.400312 0.281101 0.0509321
10 0.400312 0.302663 0.0406878
11 0.462138 0.325439 0.0432356
12 0.462138 0.337257 0.037789
13 0.462138 0.339965 0.0357838
14 0.472893 0.357891 0.0474253
15 0.514498 0.366502 0.0514151
16 0.514498 0.369444 0.0512531
17 0.565479 0.379756 0.0584074
18 0.565479 0.386055 0.0565426
19 0.565479 0.397622 0.0531423
20 0.565479 0.413698 0.0551009
21 0.565479 0.427614 0.0536751
22 0.571243 0.447546 0.0543685
23 0.571243 0.459974 0.0522797
24 0.571243 0.467538 0.049267
25 0.670097 0.478504 0.0559922
26 0.670097 0.488591 0.0533396
27 0.670097 0.500522 0.049543
28 0.670097 0.505683 0.0460842
29 0.670097 0.511952 0.0421429
30 0.670097 0.521538 0.0420498
31 0.670097 0.540643 0.0438915
32 0.670097 0.545536 0.0413159
33 0.687146 0.556761 0.0445581
34 0.687146 0.562167 0.0423892
35 0.687146 0.568913 0.0408722
36 0.687146 0.570077 0.0401346
37 0.687146 0.572988 0.0391554
38 0.687146 0.576548 0.0371445
39 0.687146 0.578863 0.0357623
40 0.687146 0.57973 0.035144
41 0.687146 0.582731 0.034291
42 0.687146 0.585073 0.034446
43 0.687146 0.586047 0.0336306
44 0.687146 0.588599 0.0324086
45 0.687146 0.590158 0.031355
46 0.687146 0.590158 0.031355
47 0.687146 0.592673 0.0324716
48 0.687146 0.593997 0.0314648
49 0.687146 0.596643 0.0301211
50 0.687146 0.598023 0.0298653
51 0.687146 0.598228 0.0296688
52 0.687146 0.600162 0.0288608
53 0.687146 0.603042 0.0293013
54 0.687146 0.604077 0.028471
55 0.687146 0.604077 0.028471
56 0.687146 0.604077 0.028471
