     0.99249    0.0989324       0.9131    0.0137492     0.158407      0.74066     0.932874     0.350849 
    0.998224    0.0378449     0.969926  0.000559907      0.25994      0.82524     0.858555      0.23694 
    0.972653   0.00579491     0.997242    0.0187522     0.376556     0.889389     0.762293      0.13956 
    0.917384   0.00479601     0.993333     0.067183     0.500929     0.929076     0.649979    0.0648282 
     0.83589     0.034911     0.958445     0.142809     0.625243      0.94181     0.528488    0.0174395 
    0.733292    0.0942478     0.894769     0.240879     0.741688     0.926789     0.405252  0.000371856 
    0.616035     0.179078     0.806303      0.35523     0.842947     0.884957     0.287815    0.0146977 
    0.491487     0.284072     0.698602     0.478678     0.922657     0.818943     0.183364    0.0595168 
    0.367475     0.402633     0.578431     0.603465      0.97581     0.732893     0.098289     0.132013 
    0.251789     0.527312     0.453334     0.721752     0.999067     0.632213     0.037798     0.227631 
    0.151699     0.650274     0.331167     0.826105     0.990966     0.523228   0.00559243     0.340364 
   0.0734933     0.763795     0.219602     0.909967     0.952015     0.412783   0.00364324     0.463126 
    0.022086     0.860741     0.125646      0.96807     0.884663     0.307817    0.0320697     0.588206 
 0.000707159     0.935022    0.0551967     0.996762     0.793141     0.214924    0.0891321     0.707743 
   0.0106999      0.98197    0.0126795     0.994241     0.683201     0.139939     0.171339     0.814227 
   0.0514365     0.998636  0.000763833     0.960666     0.561749    0.0875728     0.273658     0.900967 
    0.120357     0.983972    0.0201981     0.898144     0.436417    0.0611152     0.389829     0.962513 
    0.213132       0.9389    0.0697618     0.810606      0.31508     0.062228     0.512742     0.994998 
    0.323931     0.866252     0.146343     0.703552     0.205363    0.0908414     0.634876     0.996379 
    0.445793     0.770592     0.245132     0.583707     0.114159     0.145158     0.748755     0.966572 
    0.571061      0.65793     0.359925     0.458603    0.0471978     0.221765     0.847411     0.907448 
    0.691864     0.535346     0.483515     0.336101   0.00868806     0.315851     0.924807     0.822722 
    0.800612     0.410541      0.60814     0.223896   0.00104913     0.421505     0.976206     0.717719 
    0.890471     0.291357     0.725974      0.12904    0.0247609      0.53209     0.998462     0.599036 
    0.955797     0.185281     0.829618    0.0574928    0.0783336     0.640659     0.990214      0.47413 
    0.992483    0.0989802     0.912563    0.0137499     0.158401     0.740392     0.951966     0.350849 
    0.998227    0.0378751     0.969602  0.000559845     0.259932     0.825024     0.886059      0.23694 
    0.972665   0.00580562     0.997151    0.0187514     0.376548     0.889238     0.796526      0.13956 
    0.917405   0.00478658     0.993481    0.0671814      0.50092        0.929     0.688847    0.0648283 
    0.835918     0.034882     0.958823     0.142807     0.625235     0.941813     0.569611    0.0174395 
    0.733325    0.0942011     0.895353     0.240876      0.74168     0.926871     0.446115  0.000371856 
    0.616071     0.179017     0.807056     0.355227      0.84294     0.885114     0.325916    0.0146977 
    0.491525        0.284     0.699478     0.478675     0.922652     0.819164     0.216371    0.0595168 
    0.367511     0.402554     0.579373     0.603462     0.975808     0.733165     0.124183     0.132013 
    0.251822     0.527231     0.454284     0.721749     0.999066     0.632518    0.0549945     0.227631 
    0.151726     0.650197     0.332065     0.826102     0.990967     0.523546    0.0130387     0.340364 
   0.0735129     0.763727     0.220393     0.909965     0.952019     0.413096   0.00088361     0.463126 
    0.022097     0.860686     0.126278     0.968069     0.884669     0.308104     0.019273     0.588206 
 0.000708878     0.934983    0.0556315     0.996762     0.793148     0.215168    0.0670815     0.707743 
   0.0106923      0.98195    0.0128895     0.994242     0.683209     0.140124     0.141383     0.814227 
     0.05142     0.998635  0.000735858     0.960667     0.561757    0.0876875     0.237632     0.900967 
    0.120333     0.983992    0.0199339     0.898146     0.436426    0.0611522     0.349936     0.962513 
    0.213101     0.938938     0.069278     0.810609     0.315089    0.0621849     0.471424     0.994998 
    0.323896     0.866306      0.14567     0.703555      0.20537    0.0907209     0.594661     0.996379 
    0.445756     0.770659     0.244312      0.58371     0.114164     0.144968     0.712104     0.966572 
    0.571024     0.658007      0.35901     0.458607    0.0472014     0.221517     0.816568     0.907448 
    0.691829     0.535426     0.482561     0.336103   0.00868967     0.315561     0.901658     0.822723 
    0.800582      0.41062     0.607208     0.223899   0.00104857     0.421191     0.962169     0.717719 
    0.890448      0.29143     0.725123     0.129042    0.0247582     0.531771     0.994395     0.599036 
    0.955781     0.185344     0.828901    0.0574943    0.0783289     0.640356     0.996366      0.47413 
    0.992477    0.0990279     0.912025    0.0137506     0.158395     0.740124     0.967961     0.350849 
     0.99823    0.0379053     0.969276  0.000559783     0.259925     0.824807     0.910918      0.23694 
    0.972677   0.00581635     0.997058    0.0187505     0.376539     0.889087     0.828728      0.13956 
    0.917425   0.00477716     0.993628    0.0671799     0.500911     0.928924     0.726421    0.0648283 
    0.835946    0.0348531     0.959199     0.142805     0.625226     0.941816     0.610257    0.0174396 
    0.733358    0.0941544     0.895935     0.240874     0.741673     0.926954     0.487346  0.000371857 
    0.616108     0.178955     0.807808     0.355224     0.842934     0.885271      0.36521    0.0146976 
    0.491562     0.283927     0.700352     0.478672     0.922648     0.819385     0.251322    0.0595167 
    0.367547     0.402475     0.580315     0.603459     0.975805     0.733436     0.152652     0.132013 
    0.251854     0.527151     0.455234     0.721746     0.999066     0.632823    0.0752395     0.227631 
    0.151753     0.650121     0.332964       0.8261     0.990969     0.523865    0.0238209     0.340363 
   0.0735324     0.763658     0.221184     0.909964     0.952023     0.413409   0.00154309     0.463126 
    0.022108      0.86063     0.126912     0.968068     0.884674     0.308392   0.00976944     0.588206 
   0.0007106     0.934943     0.056068     0.996762     0.793155     0.215412    0.0479965     0.707743 
   0.0106846     0.981929    0.0131013     0.994242     0.683217     0.140309     0.113885     0.814227 
   0.0514034     0.998635  0.000709706     0.960668     0.561766    0.0878024     0.203403     0.900967 
    0.120309     0.984011    0.0196714     0.898148     0.436434    0.0611893     0.311071     0.962513 
     0.21307     0.938976    0.0687957     0.810611     0.315097    0.0621421     0.430301     0.994998 
    0.323861     0.866361     0.144998     0.703557     0.205377    0.0906007     0.553797     0.996379 
    0.445718     0.770727     0.243492     0.583714      0.11417     0.144778     0.674001     0.966572 
    0.570987     0.658083     0.358095      0.45861    0.0472051     0.221269     0.783556     0.907448 
    0.691795     0.535506     0.481608     0.336106   0.00869128     0.315271     0.875758     0.822723 
    0.800552     0.410699     0.606276     0.223901   0.00104801     0.420876     0.944965     0.717719 
    0.890424     0.291503     0.724271     0.129044    0.0247555     0.531453     0.986942     0.599036 
    0.955766     0.185406     0.828182    0.0574957    0.0783243     0.640053     0.999119      0.47413 
    0.992471    0.0990757     0.911485    0.0137513     0.158388     0.739856     0.980751     0.350849 
    0.998232    0.0379355     0.968948  0.000559722     0.259917     0.824591     0.932963      0.23694 
    0.972689   0.00582709     0.996964    0.0187497     0.376531     0.888935     0.858678     0.139561 
    0.917446   0.00476776     0.993772    0.0671784     0.500903     0.928847     0.762444    0.0648283 
    0.835973    0.0348241     0.959574     0.142803     0.625218     0.941819     0.650148    0.0174396 
    0.733391    0.0941077     0.896516     0.240871     0.741665     0.927036     0.528664  0.000371858 
    0.616144     0.178894     0.808559     0.355221     0.842928     0.885427     0.405426    0.0146976 
      0.4916     0.283855     0.701226     0.478669     0.922643     0.819606     0.287976    0.0595167 
    0.367583     0.402397     0.581256     0.603456     0.975802     0.733707     0.183501     0.132013 
    0.251887     0.527071     0.456184     0.721743     0.999065     0.633127    0.0983942     0.227631 
     0.15178     0.650044     0.333864     0.826098      0.99097     0.524184     0.037865     0.340363 
    0.073552      0.76359     0.221976     0.909962     0.952026     0.413722   0.00561715     0.463126 
    0.022119     0.860575     0.127547     0.968067      0.88468      0.30868   0.00362412     0.588206 
 0.000712325     0.934904     0.056506     0.996761     0.793163     0.215656    0.0320079     0.707743 
    0.010677     0.981908    0.0133148     0.994243     0.683225     0.140495    0.0890315     0.814227 
   0.0513869     0.998634  0.000685375     0.960669     0.561775    0.0879175     0.171205     0.900967 
    0.120284      0.98403    0.0194107      0.89815     0.436443    0.0612268       0.2735     0.962513 
     0.21304     0.939015     0.068315     0.810614     0.315105    0.0620994     0.389656     0.994998 
    0.323826     0.866416     0.144327      0.70356     0.205384    0.0904807     0.512565     0.996379 
    0.445681     0.770794     0.242674     0.583717     0.114175     0.144588     0.634705     0.966572 
    0.570949     0.658159      0.35718     0.458613    0.0472088     0.221021     0.748601     0.907448 
     0.69176     0.535587     0.480654     0.336109   0.00869289      0.31498     0.847284     0.822723 
    0.800522     0.410778     0.605344     0.223904   0.00104744     0.420562     0.924714     0.717719 
    0.890401     0.291576     0.723418     0.129046    0.0247528     0.531134     0.976152     0.599036 
    0.955751     0.185469     0.827462    0.0574971    0.0783196      0.63975     0.998452      0.47413 
    0.992464    0.0991235     0.910943     0.013752     0.158382     0.739588     0.990247     0.350849 
    0.998235    0.0379658     0.968619   0.00055966     0.259909     0.824374     0.952041     0.236941 
    0.972701   0.00583785     0.996867    0.0187489     0.376522     0.888783     0.886171     0.139561 
    0.917466   0.00475837     0.993915    0.0671768     0.500894      0.92877     0.796669    0.0648284 
    0.836001    0.0347952     0.959946     0.142801     0.625209     0.941821     0.689011    0.0174396 
    0.733424     0.094061     0.897095     0.240868     0.741657     0.927118     0.569786  0.000371859 
    0.616181     0.178832     0.809309     0.355219     0.842921     0.885583     0.446291    0.0146976 
    0.491637     0.283782     0.702098     0.478666     0.922638     0.819826     0.326082    0.0595167 
    0.367619     0.402318     0.582197     0.603453       0.9758     0.733978     0.216517     0.132013 
    0.251919     0.526991     0.457135     0.721741     0.999065     0.633432       0.1243     0.227631 
    0.151807     0.649967     0.334764     0.826095     0.990972     0.524503    0.0550749     0.340363 
   0.0735715     0.763522     0.222769      0.90996      0.95203     0.414035    0.0130779     0.463126 
     0.02213     0.860519     0.128183     0.968066     0.884685     0.308968  0.000879134     0.588206 
 0.000714053     0.934865    0.0569457     0.996761      0.79317     0.215901    0.0192252     0.707743 
   0.0106693     0.981888    0.0135302     0.994243     0.683233     0.140681    0.0669933     0.814227 
   0.0513704     0.998633  0.000662867      0.96067     0.561783    0.0880328      0.14126     0.900967 
     0.12026     0.984049    0.0191518     0.898152     0.436452    0.0612644     0.237481     0.962513 
    0.213009     0.939053    0.0678359     0.810616     0.315113     0.062057     0.349767     0.994998 
    0.323791      0.86647     0.143658     0.703563     0.205391    0.0903609     0.471247     0.996379 
    0.445644     0.770862     0.241857      0.58372     0.114181     0.144398     0.594487     0.966572 
    0.570912     0.658235     0.356266     0.458616    0.0472125     0.220774     0.711944     0.907448 
    0.691725     0.535667     0.479701     0.336112   0.00869451      0.31469     0.816431     0.822723 
    0.800492     0.410857     0.604411     0.223906   0.00104688     0.420248     0.901553      0.71772 
    0.890378     0.291649     0.722564     0.129048    0.0247501     0.530816     0.962101     0.599036 
    0.955735     0.185531     0.826741    0.0574985    0.0783149     0.639447      0.99437      0.47413 
    0.992458    0.0991713       0.9104    0.0137527     0.158376     0.739319     0.996385      0.35085 
    0.998238     0.037996     0.968288  0.000559599     0.259902     0.824157     0.968023     0.236941 
    0.972714   0.00584862     0.996769    0.0187481     0.376514     0.888632     0.911019     0.139561 
    0.917487   0.00474899     0.994056    0.0671753     0.500885     0.928693     0.828862    0.0648284 
    0.836029    0.0347662     0.960318     0.142798     0.625201     0.941823     0.726579    0.0174396 
    0.733457    0.0940143     0.897673     0.240866      0.74165     0.927199      0.61043  0.000371859 
    0.616217     0.178771     0.810057     0.355216     0.842915     0.885739     0.487523    0.0146976 
    0.491675      0.28371     0.702971     0.478663     0.922634     0.820046      0.36538    0.0595166 
    0.367656     0.402239     0.583138      0.60345     0.975797     0.734249     0.251475     0.132013 
    0.251952      0.52691     0.458085     0.721738     0.999064     0.633736      0.15278     0.227631 
    0.151833     0.649891     0.335664     0.826093     0.990974     0.524822    0.0753327     0.340363 
   0.0735911     0.763454     0.223563     0.909958     0.952034     0.414349    0.0238742     0.463126 
    0.022141     0.860464     0.128821     0.968065     0.884691     0.309256   0.00155328     0.588206 
 0.000715783     0.934825     0.057387     0.996761     0.793177     0.216146   0.00973589     0.707743 
   0.0106617     0.981867    0.0137473     0.994244     0.683241     0.140867    0.0479213     0.814227 
   0.0513538     0.998632   0.00064218     0.960671     0.561792    0.0881484     0.113773     0.900967 
    0.120235     0.984069    0.0188946     0.898154      0.43646    0.0613023      0.20326     0.962513 
    0.212978     0.939091    0.0673583     0.810618     0.315121    0.0620149     0.310907     0.994997 
    0.323756     0.866525      0.14299     0.703566     0.205398    0.0902414     0.430126     0.996379 
    0.445607     0.770929     0.241041     0.583723     0.114186     0.144209     0.553621     0.966572 
    0.570875     0.658312     0.355353     0.458619    0.0472162     0.220526     0.673835     0.907448 
    0.691691     0.535747     0.478748     0.336115   0.00869612     0.314401      0.78341     0.822723 
    0.800462     0.410936     0.603478     0.223909   0.00104632     0.419934     0.875642      0.71772 
    0.890354     0.291722     0.721709      0.12905    0.0247475     0.530497     0.944885     0.599036 
     0.95572     0.185593     0.826019       0.0575    0.0783103     0.639144     0.986903      0.47413 
    0.992451    0.0992191     0.909856    0.0137534     0.158369     0.739051     0.999123      0.35085 
    0.998241    0.0380263     0.967955  0.000559537     0.259894      0.82394     0.980799     0.236941 
    0.972726    0.0058594     0.996669    0.0187472     0.376506      0.88848     0.933051     0.139561 
    0.917508   0.00473963     0.994195    0.0671738     0.500877     0.928615     0.858801    0.0648284 
    0.836057    0.0347373     0.960687     0.142796     0.625192     0.941826     0.762594    0.0174396 
    0.733491    0.0939677      0.89825     0.240863     0.741642     0.927281     0.650317   0.00037186 
    0.616254     0.178709     0.810805     0.355213     0.842909     0.885894     0.528841    0.0146976 
    0.491712     0.283638     0.703842      0.47866     0.922629     0.820266       0.4056    0.0595166 
    0.367692      0.40216     0.584079     0.603447     0.975794      0.73452     0.288136     0.132013 
    0.251984      0.52683     0.459036     0.721735     0.999064      0.63404     0.183638     0.227631 
     0.15186     0.649814     0.336566     0.826091     0.990975     0.525141    0.0984996     0.340363 
   0.0736107     0.763385     0.224358     0.909957     0.952037     0.414662    0.0379321     0.463126 
    0.022152     0.860408      0.12946     0.968064     0.884696     0.309544   0.00564194     0.588206 
 0.000717516     0.934786    0.0578299      0.99676     0.793184      0.21639   0.00360507     0.707743 
   0.0106541     0.981846    0.0139662     0.994244     0.683249     0.141053    0.0319462     0.814227 
   0.0513373     0.998632  0.000623316     0.960673     0.561801    0.0882641    0.0889309     0.900967 
    0.120211     0.984088    0.0186391     0.898155     0.436469    0.0613404     0.171072     0.962513 
    0.212948     0.939129    0.0668824     0.810621     0.315129    0.0619729     0.273342     0.994997 
     0.32372     0.866579     0.142323     0.703569     0.205405     0.090122     0.389483     0.996379 
    0.445569     0.770997     0.240225     0.583726     0.114192     0.144019     0.512388     0.966572 
    0.570838     0.658388      0.35444     0.458622    0.0472199     0.220279     0.634534     0.907448 
    0.691656     0.535827     0.477795     0.336118   0.00869773     0.314111     0.748448     0.822723 
    0.800432     0.411015     0.602544     0.223911   0.00104576      0.41962     0.847157      0.71772 
    0.890331     0.291795     0.720854     0.129052    0.0247448     0.530178     0.924621     0.599036 
    0.955704     0.185656     0.825295    0.0575014    0.0783056     0.638841     0.976099      0.47413 
    0.992445     0.099267      0.90931    0.0137541     0.158363     0.738782     0.998442      0.35085 
    0.998244    0.0380565     0.967621  0.000559475     0.259886     0.823723     0.990281     0.236941 
    0.972738   0.00587019     0.996568    0.0187464     0.376497     0.888327     0.952116     0.139561 
    0.917528   0.00473028     0.994332    0.0671723     0.500868     0.928538     0.886284    0.0648285 
    0.836085    0.0347084     0.961055     0.142794     0.625184     0.941827     0.796811    0.0174396 
    0.733524     0.093921     0.898825     0.240861     0.741635     0.927362     0.689175  0.000371861 
     0.61629     0.178648     0.811551      0.35521     0.842902      0.88605     0.569962    0.0146976 
     0.49175     0.283565     0.704713     0.478657     0.922624     0.820486     0.446467    0.0595166 
    0.367728     0.402081     0.585019     0.603444     0.975792      0.73479     0.326248     0.132013 
    0.252017      0.52675     0.459987     0.721732     0.999063     0.634345     0.216663     0.227631 
    0.151887     0.649738     0.337468     0.826088     0.990977      0.52546     0.124417     0.340363 
   0.0736302     0.763317     0.225154     0.909955     0.952041     0.414975    0.0551553     0.463126 
    0.022163     0.860352       0.1301     0.968063     0.884702     0.309832    0.0131171     0.588206 
 0.000719253     0.934747    0.0582744      0.99676     0.793191     0.216635  0.000874721     0.707743 
   0.0106464     0.981826    0.0141868     0.994245     0.683257     0.141239    0.0191774     0.814227 
   0.0513208     0.998631  0.000606275     0.960674     0.561809    0.0883801    0.0669051     0.900967 
    0.120187     0.984107    0.0183855     0.898157     0.436477    0.0613787     0.141137     0.962513 
    0.212917     0.939167     0.066408     0.810623     0.315137    0.0619312      0.23733     0.994997 
    0.323685     0.866634     0.141658     0.703571     0.205412    0.0900028     0.349598     0.996379 
    0.445532     0.771064     0.239411     0.583729     0.114197      0.14383      0.47107     0.966572 
    0.570801     0.658464     0.353527     0.458625    0.0472235     0.220032     0.594313     0.907448 
    0.691621     0.535907     0.476841     0.336121   0.00869934     0.313821     0.711783     0.822723 
    0.800402     0.411095      0.60161     0.223914    0.0010452     0.419306     0.816294      0.71772 
    0.890307     0.291868     0.719998     0.129054    0.0247421      0.52986     0.901448     0.599036 
    0.955689     0.185718     0.824571    0.0575028    0.0783009     0.638538     0.962034      0.47413 
    0.992439    0.0993148     0.908762    0.0137548     0.158357     0.738513     0.994346      0.35085 
