1 0.833566 0.170264 0.233473
2 0.833566 0.199443 0.221739
3 0.833566 0.269482 0.210796
4 0.833566 0.317232 0.196888
5 0.833566 0.320227 0.194626
6 0.833566 0.344369 0.182287
7 0.833566 0.362263 0.17238
8 0.833566 0.368772 0.167914
9 0.833566 0.371464 0.165841
10 0.833566 0.381524 0.160615
11 0.833566 0.381524 0.160615
12 0.833566 0.381524 0.160615
13 0.833566 0.381524 0.160615
14 0.833566 0.381524 0.160615
15 0.833566 0.386271 0.15748
16 0.833566 0.386271 0.15748
17 0.833566 0.398979 0.151489
18 0.833566 0.398979 0.151489
19 0.833566 0.398979 0.151489
20 0.833566 0.399554 0.151134
21 0.833566 0.410841 0.145992
22 0.833566 0.410841 0.145992
23 0.833566 0.410911 0.145945
24 0.833566 0.432459 0.145138
25 0.833566 0.432459 0.145138
26 0.833566 0.432459 0.145138
27 0.833566 0.433227 0.144584
28 0.833566 0.433227 0.144584
29 0.833566 0.433227 0.144584
30 0.833566 0.433227 0.144584
31 0.833566 0.433227 0.144584
32 0.833566 0.438203 0.141848
33 0.833566 0.438203 0.141848
34 0.833566 0.438203 0.141848
35 0.833566 0.438203 0.141848
36 0.833566 0.438203 0.141848
37 0.833566 0.438203 0.141848
38 0.833566 0.438203 0.141848
39 0.833566 0.438203 0.141848
40 0.833566 0.454764 0.138916
41 0.833566 0.454764 0.138916
42 0.833566 0.479407 0.138582
43 0.833566 0.4994 0.133763
44 0.833566 0.499742 0.133444
45 0.833566 0.499742 0.133444
46 0.833566 0.499742 0.133444
47 0.833566 0.499742 0.133444
48 0.833566 0.499742 0.133444
49 0.833566 0.499742 0.133444
50 0.833566 0.499742 0.133444
51 0.833566 0.505621 0.128976
52 0.833566 0.505621 0.128976
53 0.833566 0.505621 0.128976
54 0.833566 0.505621 0.128976
55 0.833566 0.521763 0.121721
56 0.833566 0.530464 0.114291
57 0.833566 0.530464 0.114291
58 0.833566 0.530464 0.114291
59 0.833566 0.530464 0.114291
60 0.833566 0.530464 0.114291
61 0.833566 0.536827 0.109841
62 0.833566 0.540337 0.10697
63 0.833566 0.540337 0.10697
64 0.833566 0.540337 0.10697
65 0.833566 0.540337 0.10697
66 0.833566 0.540337 0.10697
67 0.833566 0.540337 0.10697
68 0.833566 0.540337 0.10697
69 0.833566 0.540337 0.10697
70 0.833566 0.540337 0.10697
71 0.833566 0.540337 0.10697
72 0.833566 0.540337 0.10697
73 0.833566 0.540337 0.10697
74 0.833566 0.55135 0.101093
75 0.833566 0.590054 0.105757
76 0.833566 0.590054 0.105757
77 0.833566 0.594928 0.101953
78 0.833566 0.594928 0.101953
79 0.833566 0.595895 0.101133
80 0.833566 0.595895 0.101133
81 0.833566 0.595895 0.101133
82 0.833566 0.595895 0.101133
83 0.833566 0.595895 0.101133
84 0.833566 0.595895 0.101133
85 0.833566 0.595895 0.101133
86 0.833566 0.595895 0.101133
87 0.833566 0.595895 0.101133
88 0.833566 0.595895 0.101133
89 0.833566 0.595895 0.101133
90 0.833566 0.595895 0.101133
91 0.833566 0.59956 0.0987381
92 0.833566 0.59956 0.0987381
93 0.833566 0.59956 0.0987381
94 0.833566 0.59956 0.0987381
95 0.833566 0.59956 0.0987381
96 0.833566 0.59956 0.0987381
97 0.833566 0.59956 0.0987381
98 0.833566 0.59956 0.0987381
99 0.833566 0.59956 0.0987381
100 0.833566 0.59956 0.0987381
101 0.833566 0.59956 0.0987381
102 0.833566 0.59956 0.0987381
103 0.833566 0.601515 0.0974007
104 0.833566 0.601515 0.0974007
105 0.833566 0.601515 0.0974007
106 0.833566 0.601515 0.0974007
107 0.833566 0.601515 0.0974007
108 0.833566 0.601515 0.0974007
109 0.833566 0.601515 0.0974007
110 0.833566 0.601515 0.0974007
111 0.833566 0.601515 0.0974007
112 0.833566 0.601515 0.0974007
113 0.833566 0.601515 0.0974007
114 0.833566 0.601515 0.0974007
115 0.833566 0.601515 0.0974007
116 0.833566 0.601515 0.0974007
117 0.833566 0.601515 0.0974007
118 0.833566 0.601515 0.0974007
119 0.833566 0.601515 0.0974007
120 0.833566 0.601515 0.0974007
121 0.833566 0.601515 0.0974007
122 0.833566 0.601515 0.0974007
123 0.833566 0.601515 0.0974007
124 0.833566 0.601515 0.0974007
125 0.833566 0.601515 0.0974007
126 0.833566 0.601515 0.0974007
127 0.833566 0.613795 0.0927905
128 0.833566 0.613795 0.0927905
129 0.833566 0.615108 0.0918708
130 0.833566 0.615108 0.0918708
131 0.833566 0.615108 0.0918708
132 0.833566 0.615108 0.0918708
133 0.833566 0.615108 0.0918708
134 0.833566 0.615108 0.0918708
135 0.833566 0.615108 0.0918708
136 0.833566 0.61903 0.0896203
137 0.833566 0.61903 0.0896203
138 0.833566 0.61903 0.0896203
139 0.833566 0.61903 0.0896203
140 0.833566 0.61903 0.0896203
141 0.833566 0.620078 0.0888741
142 0.833566 0.620078 0.0888741
143 0.833566 0.620078 0.0888741
144 0.833566 0.620078 0.0888741
145 0.833566 0.620078 0.0888741
146 0.833566 0.620078 0.0888741
147 0.833566 0.620078 0.0888741
148 0.833566 0.620078 0.0888741
149 0.833566 0.620078 0.0888741
150 0.833566 0.620078 0.0888741
151 0.833566 0.620078 0.0888741
152 0.833566 0.620078 0.0888741
153 0.833566 0.620078 0.0888741
154 0.833566 0.625067 0.0865265
155 0.833566 0.625067 0.0865265
156 0.833566 0.625067 0.0865265
157 0.833566 0.625067 0.0865265
158 0.833566 0.625067 0.0865265
159 0.833566 0.625067 0.0865265
160 0.833566 0.625067 0.0865265
161 0.833566 0.626901 0.0852398
162 0.833566 0.626901 0.0852398
163 0.833566 0.626901 0.0852398
164 0.833566 0.626901 0.0852398
165 0.833566 0.626901 0.0852398
166 0.833566 0.626901 0.0852398
167 0.833566 0.626901 0.0852398
168 0.833566 0.626901 0.0852398
169 0.833566 0.626901 0.0852398
170 0.833566 0.626901 0.0852398
171 0.833566 0.626901 0.0852398
172 0.833566 0.626901 0.0852398
173 0.833566 0.626901 0.0852398
174 0.833566 0.626901 0.0852398
175 0.833566 0.626901 0.0852398
176 0.833566 0.626901 0.0852398
177 0.833566 0.626901 0.0852398
178 0.833566 0.626901 0.0852398
179 0.833566 0.626901 0.0852398
180 0.833566 0.626901 0.0852398
181 0.833566 0.638988 0.0836242
182 0.833566 0.638988 0.0836242
183 0.833566 0.638988 0.0836242
184 0.833566 0.641329 0.0821104
185 0.833566 0.641329 0.0821104
186 0.833566 0.648154 0.0791199
187 0.833566 0.648154 0.0791199
188 0.833566 0.648154 0.0791199
189 0.833566 0.648154 0.0791199
190 0.833566 0.648154 0.0791199
191 0.833566 0.648154 0.0791199
192 0.833566 0.648154 0.0791199
193 0.833566 0.648154 0.0791199
194 0.833566 0.648154 0.0791199
195 0.833566 0.648154 0.0791199
196 0.833566 0.648154 0.0791199
197 0.833566 0.648154 0.0791199
198 0.833566 0.648154 0.0791199
199 0.833566 0.655765 0.0755538
200 0.833566 0.655765 0.0755538
201 0.833566 0.655765 0.0755538
202 0.833566 0.655765 0.0755538
203 0.833566 0.655765 0.0755538
204 0.833566 0.655765 0.0755538
205 0.833566 0.655765 0.0755538
206 0.833566 0.655765 0.0755538
207 0.833566 0.655765 0.0755538
208 0.833566 0.655765 0.0755538
209 0.833566 0.658361 0.0734821
210 0.833566 0.658361 0.0734821
211 0.833566 0.658361 0.0734821
212 0.833566 0.658361 0.0734821
213 0.833566 0.658361 0.0734821
214 0.833566 0.658361 0.0734821
215 0.833566 0.658361 0.0734821
216 0.833566 0.658361 0.0734821
217 0.833566 0.658361 0.0734821
218 0.833566 0.658361 0.0734821
219 0.833566 0.658361 0.0734821
220 0.833566 0.658361 0.0734821
221 0.833566 0.658361 0.0734821
222 0.833566 0.658361 0.0734821
223 0.833566 0.658361 0.0734821
224 0.833566 0.658361 0.0734821
225 0.833566 0.664874 0.0697884
226 0.833566 0.664874 0.0697884
227 0.833566 0.664874 0.0697884
228 0.833566 0.664874 0.0697884
229 0.833566 0.664874 0.0697884
230 0.833566 0.664874 0.0697884
231 0.833566 0.664874 0.0697884
232 0.833566 0.664874 0.0697884
233 0.833566 0.664874 0.0697884
234 0.833566 0.664874 0.0697884
235 0.833566 0.664874 0.0697884
236 0.833566 0.664874 0.0697884
237 0.833566 0.664874 0.0697884
238 0.833566 0.664874 0.0697884
239 0.833566 0.664874 0.0697884
240 0.833566 0.664874 0.0697884
241 0.833566 0.664874 0.0697884
242 0.833566 0.664874 0.0697884
243 0.833566 0.664874 0.0697884
244 0.833566 0.664874 0.0697884
245 0.833566 0.664874 0.0697884
246 0.833566 0.664874 0.0697884
247 0.833566 0.664874 0.0697884
248 0.833566 0.664874 0.0697884
249 0.833566 0.664874 0.0697884
250 0.833566 0.664874 0.0697884
251 0.833566 0.664874 0.0697884
252 0.833566 0.664874 0.0697884
253 0.833566 0.664874 0.0697884
254 0.833566 0.664874 0.0697884
255 0.833566 0.664874 0.0697884
256 0.833566 0.664874 0.0697884
257 0.833566 0.664874 0.0697884
258 0.833566 0.664874 0.0697884
259 0.833566 0.664874 0.0697884
260 0.833566 0.664874 0.0697884
261 0.833566 0.664874 0.0697884
262 0.833566 0.664874 0.0697884
263 0.833566 0.664874 0.0697884
264 0.833566 0.664874 0.0697884
265 0.833566 0.664874 0.0697884
266 0.833566 0.665609 0.0691186
267 0.833566 0.67704 0.0676928
268 0.833566 0.67704 0.0676928
269 0.833566 0.67704 0.0676928
270 0.833566 0.67704 0.0676928
271 0.833566 0.67704 0.0676928
272 0.833566 0.67704 0.0676928
273 0.833566 0.67704 0.0676928
274 0.833566 0.67704 0.0676928
275 0.833566 0.67704 0.0676928
276 0.833566 0.67704 0.0676928
277 0.833566 0.67704 0.0676928
278 0.833566 0.67704 0.0676928
279 0.833566 0.67704 0.0676928
280 0.833566 0.67704 0.0676928
281 0.833566 0.67704 0.0676928
282 0.833566 0.67704 0.0676928
283 0.833566 0.67704 0.0676928
284 0.833566 0.67704 0.0676928
285 0.833566 0.67704 0.0676928
286 0.833566 0.67704 0.0676928
287 0.833566 0.67704 0.0676928
288 0.833566 0.67704 0.0676928
289 0.833566 0.67704 0.0676928
290 0.833566 0.678891 0.0659634
291 0.833566 0.678891 0.0659634
292 0.833566 0.678891 0.0659634
293 0.833566 0.678891 0.0659634
294 0.833566 0.678891 0.0659634
295 0.833566 0.678891 0.0659634
296 0.833566 0.678891 0.0659634
297 0.833566 0.682797 0.0628867
298 0.833566 0.682797 0.0628867
299 0.833566 0.682797 0.0628867
300 0.833566 0.682797 0.0628867
