1 0.000204691 7.62812e-05 8.79691e-05
2 0.0434885 0.0111822 0.0164041
3 0.0801666 0.0329208 0.0271678
4 0.148822 0.0892975 0.0381655
5 0.152572 0.115726 0.0311093
6 0.152572 0.115726 0.0311093
7 0.154551 0.138923 0.01635
8 0.244978 0.166767 0.0398396
9 0.244978 0.190586 0.0404724
10 0.244978 0.226113 0.0126608
11 0.244978 0.231998 0.00901138
12 0.248831 0.23748 0.00924409
13 0.248831 0.23748 0.00924409
14 0.30096 0.253221 0.0244388
15 0.30096 0.254591 0.0235134
16 0.30096 0.258803 0.021819
17 0.598483 0.330272 0.135582
18 0.598483 0.370368 0.134065
19 0.598483 0.447933 0.119097
20 0.598483 0.511767 0.0592151
21 0.598483 0.511767 0.0592151
22 0.598483 0.520187 0.0517044
23 0.598483 0.529576 0.0437369
24 0.598483 0.533755 0.0403934
25 0.598483 0.533755 0.0403934
26 0.598483 0.540703 0.0347416
27 0.598483 0.54357 0.0324802
28 0.598483 0.54357 0.0324802
29 0.598483 0.545098 0.0311496
30 0.598483 0.548652 0.029081
31 0.598483 0.548652 0.029081
32 0.598483 0.554976 0.025598
33 0.598483 0.554976 0.025598
34 0.598483 0.555744 0.0246619
35 0.598483 0.555744 0.0246619
36 0.598483 0.555744 0.0246619
37 0.598483 0.555744 0.0246619
38 0.598483 0.555744 0.0246619
39 0.598483 0.555744 0.0246619
40 0.598483 0.555744 0.0246619
41 0.598483 0.565837 0.0191097
42 0.598483 0.565837 0.0191097
43 0.598483 0.565837 0.0191097
44 0.598483 0.565837 0.0191097
45 0.598483 0.565837 0.0191097
46 0.598483 0.565837 0.0191097
47 0.598483 0.565837 0.0191097
48 0.598483 0.571749 0.0152547
49 0.598483 0.571749 0.0152547
50 0.598483 0.571749 0.0152547
51 0.598483 0.571749 0.0152547
52 0.598483 0.571749 0.0152547
53 0.598483 0.571749 0.0152547
54 0.598483 0.571749 0.0152547
55 0.598483 0.571749 0.0152547
56 0.598483 0.571749 0.0152547
57 0.598483 0.571749 0.0152547
58 0.598483 0.571749 0.0152547
59 0.598483 0.571749 0.0152547
60 0.598483 0.571749 0.0152547
61 0.598483 0.571749 0.0152547
62 0.598483 0.571749 0.0152547
63 0.598483 0.571749 0.0152547
64 0.598483 0.571749 0.0152547
65 0.598483 0.571749 0.0152547
66 0.598483 0.571749 0.0152547
67 0.598483 0.571749 0.0152547
68 0.598483 0.571749 0.0152547
69 0.598483 0.571749 0.0152547
70 0.598483 0.571749 0.0152547
71 0.598483 0.572801 0.0140276
72 0.598483 0.572801 0.0140276
73 0.598483 0.572801 0.0140276
74 0.598483 0.572801 0.0140276
75 0.598483 0.572801 0.0140276
76 0.598483 0.572981 0.0138382
77 0.598483 0.572981 0.0138382
78 0.598483 0.572981 0.0138382
79 0.598483 0.572981 0.0138382
80 0.598483 0.572981 0.0138382
